.Random.seed <-
c(403L, 10L, 541412081L, -1148961501L, 875083634L, -101468732L, 
-236032633L, 1748115293L, -1519029932L, -2107186310L, 324842181L, 
657290271L, 523527078L, 540603696L, 830830547L, 787961329L, 743768864L, 
-2137920066L, -725006903L, -738723461L, -355762358L, 1882406828L, 
-425605457L, -1249692571L, -244198372L, 860027506L, -588530451L, 
1235830055L, -2101866162L, 37208488L, 552924587L, 498437833L, 
929904344L, 948099974L, -99651999L, 1434318835L, -24696222L, 
-2045416236L, 2097925591L, -1176639539L, 321033060L, 1040430922L, 
615354037L, -328292849L, 2046793494L, 729084352L, 1772114307L, 
1149061025L, 1771120528L, -922174354L, 737176089L, 2039108267L, 
-990648678L, 420033116L, 1002155871L, -1837137611L, 995942604L, 
-472208862L, -522304387L, 526409079L, -298331490L, 1971126616L, 
-1488545605L, -70818215L, 820499944L, 1222987798L, 1573460881L, 
-808328125L, 1613978450L, -1370701852L, 937336359L, 710735485L, 
-1580292236L, 1570708314L, -1029804635L, 955271615L, -871439802L, 
-800362288L, -1212019981L, 405744657L, 670636608L, -625344994L, 
1517164777L, 647297563L, -30823894L, 300334412L, 29482767L, -300301755L, 
1608868860L, -219145646L, 2098546637L, 693907847L, 1855587438L, 
-1806394296L, 1345619531L, -1631552599L, -1370361096L, 2000737830L, 
-796029119L, 1227822291L, -130516862L, 1229682356L, -145771977L, 
-1711720147L, -384165308L, -1265506454L, 63108053L, -1138129553L, 
1148518518L, -1307939936L, 786205795L, -904103679L, -2098596752L, 
-1997656050L, -1828982663L, 1526820875L, 1376583994L, -1213226948L, 
-1592391809L, 341581013L, 100696300L, -1187939774L, 1381260701L, 
61843479L, -1600213634L, 1433342776L, -428176357L, 628045177L, 
-1998167096L, 1084887030L, -976457167L, -752597917L, 718515250L, 
-1679316604L, 1176309703L, -523943267L, 822993428L, 1998295226L, 
-189481723L, 492275423L, 1102531430L, -522425616L, -1255736813L, 
-731556943L, -1726824864L, 1959095294L, 1084576649L, -1437715269L, 
-194973558L, -1661398164L, 131373295L, 1426797349L, 1741782492L, 
805039026L, -1715498323L, -1142412697L, -1887471218L, 116493928L, 
1338219115L, 1327313929L, -994022760L, 1728662982L, 1877462305L, 
682220979L, -1463822046L, -395308268L, -1108243561L, -297659507L, 
-1410986332L, 469377162L, -845134091L, 1481062735L, -1509542314L, 
-244609792L, 1296734275L, -1116865567L, -817831088L, 583374254L, 
1060535129L, -1664011925L, -932792102L, 2007069084L, 1683496351L, 
261345269L, 1621114508L, 386751330L, 1662563133L, 609354679L, 
-789428130L, 1655760280L, 436392187L, 1908231321L, 846253352L, 
116030422L, 217415761L, 1518564099L, -158104942L, 1739386916L, 
-1753669913L, -2088422595L, 2102217652L, 1361819674L, -47002779L, 
-1083681281L, 1114364038L, 688555024L, -1592789325L, 884221265L, 
1408449792L, -1872574498L, -1254144983L, 1911448539L, 393705706L, 
-1168025972L, -958625329L, 1064533381L, 1690723900L, 1689348882L, 
-1304000499L, 659815239L, -155864786L, 2080667784L, -79946357L, 
-84155031L, 1761511224L, -447018522L, -455168639L, 1015611667L, 
-1655562558L, -576944580L, -526649742L, -868619408L, -2041259740L, 
245322296L, 1664231834L, 885471696L, -1227364932L, -4949868L, 
1654953090L, -699333184L, 850209596L, -1260868464L, 1552796450L, 
-1337371128L, -940518132L, 481068444L, -1609343470L, 1640016768L, 
215122708L, 1270350120L, -102259654L, 809634768L, 1745717868L, 
1385120308L, 102632082L, 1866245472L, 2003204428L, -398137376L, 
1845867938L, -51739224L, 1541899916L, 971562428L, 1660092018L, 
1829286896L, -222826940L, -850354088L, -832034758L, -499896208L, 
1155602492L, -465551084L, -808344894L, -1191876896L, 858929276L, 
-503122224L, 680409506L, -1426286552L, -585782516L, -567973444L, 
447357746L, 1705241280L, 70126644L, -139239736L, -944573254L, 
-128305520L, -593826068L, 387283540L, 1890722450L, 1288399136L, 
119509452L, 345465568L, -1735753534L, -916591576L, 32028588L, 
-664753476L, -1809073166L, -2026867152L, -1975398492L, -748679752L, 
666498906L, 2052190352L, 1812114300L, 1993023764L, 1853032770L, 
660779264L, -843448900L, 1998520656L, 503830818L, -964470200L, 
-509300724L, -1561934244L, 1632283090L, 1278367232L, 1471423828L, 
-2126746392L, -1819528966L, -1479817520L, -496997588L, -286150412L, 
798947730L, -508887712L, -1527718900L, -2110595872L, -644984222L, 
1289258152L, 1943018572L, 1160136572L, 767744306L, 1391690352L, 
555696964L, 643523544L, -1994329222L, 672585776L, -1667240004L, 
-934301100L, -1345646526L, -565440864L, -1584446788L, -100635696L, 
-1191477918L, 1501286120L, -236720948L, 182641148L, 984301042L, 
-498424704L, -631215628L, 2121599624L, 1314265914L, -1151972016L, 
-799372180L, -696347244L, 238780498L, 878894560L, 1315820748L, 
841465504L, 1645359490L, 1287022824L, 2100300524L, 2004264252L, 
-405729166L, -1039060368L, -905610716L, -199808968L, -920295142L, 
-1103436592L, 1950624060L, 606426004L, 180258690L, -1531237440L, 
-29952452L, 613392784L, -1717766110L, 1244517640L, 341813388L, 
-488591588L, -1671539566L, 1832932736L, -1544306668L, -2059647192L, 
847152698L, -1236643376L, 369441132L, 1947534260L, -121992686L, 
1840424928L, 345745868L, -1671284512L, 2126203938L, 1935389480L, 
1457314316L, -295259332L, 1546989554L, 1032528624L, -816489916L, 
572391000L, -972671174L, 1808470000L, 625271484L, 1685894420L, 
2095430850L, 594844768L, -312121988L, -159883312L, -1522462430L, 
418297512L, 2025166732L, -70146884L, -1941062862L, 1540638272L, 
751748276L, -459295672L, 1203189178L, -653657584L, 1601723628L, 
-994623148L, 156775186L, 264023456L, 1333181132L, -653264288L, 
137088962L, -285887704L, 839252396L, -635921092L, 150199154L, 
179219760L, 53176100L, 1951352120L, -1026259238L, -824729712L, 
981244668L, 1615387540L, -42765246L, -1454443264L, 1976862780L, 
1218362704L, 217638050L, -138925240L, -1252303092L, 948174556L, 
859090770L, -1134659968L, -1609877420L, 1650951144L, 2064689914L, 
-794110640L, 340524844L, 757326708L, 848634770L, 1303278176L, 
101128076L, 844347232L, -2082290718L, -682239064L, -708260660L, 
1364466172L, 1047885746L, 1753777648L, -1578550644L, 404639325L, 
-1670564761L, 1564326288L, 1053526446L, -460657573L, 1251601469L, 
929301162L, -688881848L, -66038927L, -311151389L, -1697661980L, 
-512021742L, -1395497241L, -736202575L, 864158454L, 1439401236L, 
2047982117L, 1807673135L, -932349720L, 771979718L, 1440675955L, 
1054249685L, -523374414L, 679613568L, -539023255L, 13026523L, 
-362870740L, -869615558L, -803744017L, -64562823L, -473774578L, 
1857251292L, -323923891L, 2073105335L, 1842392384L, -944550882L, 
547969771L, -1890741651L, -1537809702L, -1687381352L, 793049345L, 
-344498509L, -565388844L, -195348254L, -233692809L, -1201602367L, 
1174232134L, -168557692L, -1595116235L, 1264825119L, -1823345032L, 
-649008298L, 211104227L, -702199899L, 596641346L, 1908763696L, 
-711749543L, 1221418443L, -528191940L, 1924935786L, 401484447L, 
-986597591L, -1769673794L, -1950008660L, 2127964157L, -61108409L, 
1506914352L, -1655678642L, -615792261L, 321287901L, -1176539382L, 
1682941480L, -515772783L, 1028482691L, 1769305988L, 1595370930L, 
-1373125881L, -1212581551L, 985882838L, -638358092L, -306222651L, 
1732749583L, -2076403832L, -1415371098L, 1210512979L, -178739275L, 
1177863442L, -1043980576L, -417914039L, -526230149L, 433911884L, 
-482065958L, 1874279375L, 548468121L, -1538552402L, 1083800252L, 
-87205075L, 518285527L, -1464889056L, 1161655934L, 1297514571L, 
2054314573L, 302942330L, -2055685960L, 1565399649L, -743047149L, 
1244147252L, -614791102L, 1547495511L, 818088865L, 950594662L, 
1820140644L, -214794347L, -1029596993L, 1237690456L, 1936669814L, 
-1634188157L, -427154235L, 1293951458L, -296843184L, -620889735L, 
1823440555L, -433785316L, 1708884298L, -13463233L, 570095497L, 
-303286370L, 258106956L, 119836701L, -1174912601L, 1537696976L, 
-1113192850L, 1623171355L, -260672899L, -1058740118L, 1796551944L, 
-702406223L, -149424605L, 28013348L, 175182802L, 63983655L, 562604657L, 
-684842826L, -247785388L, 64915685L, 942425327L, 1327556648L, 
-440648570L, -1548822861L, -1892886507L, -85075342L, 682649280L, 
